0
1
101
102
103
104
108
113
116
117
119
122
126
127
128
13
133
137
138
14
145
146
147
148
15
153
155
159
160
162
167
168
169
170
171
172
174
175
176
177
178
18
180
184
185
186
187
188
19
192
194
195
196
197
198
199
2
20
200
201
202
203
204
205
208
209
21
210
211
212
218
219
22
220
223
224
225
226
23
233
234
235
237
238
239
24
240
241
244
245
246
247
248
250
251
252
254
256
257
258
259
265
266
267
268
269
270
271
272
273
274
275
276
278
279
280
281
3
30
33
34
38
39
44
45
48
49
5
50
51
52
53
54
55
56
57
58
59
6
60
61
62
63
66
69
7
72
73
74
75
76
77
78
79
8
80
81
82
89
9
90
91
92